# 73
1 0.007589044
2 0.011701930
3 0.014046790
4 0.015650780
5 0.017350210
6 0.018918120
7 0.020525760
8 0.022895040
9 0.025797770
10 0.029864510
11 0.034915270
12 0.041407520
13 0.047625510
14 0.054365610
15 0.061190870
16 0.067723811
17 0.073419040
18 0.077426030
19 0.077697330
20 0.072545250
21 0.061621580
22 0.047822480
23 0.034641030
24 0.023495790
25 0.015190160
26 0.009400586
27 0.005540288
28 0.003171578
29 0.001916919
30 0.001216192
31 0.000882025
32 0.000651261
33 0.000483194
34 0.000332561
35 0.000260481
36 0.000189072
37 0.000137865
38 0.000104836
39 0.000074097
40 0.000053764
41 0.000039538
42 0.000030405
43 0.000017900
44 0.000012457
45 0.000010898
46 0.000006777
47 0.000007237
48 0.000002231
49 0.000001285
50 0.000000684
51 0.000001798
52 0.000001494
53 0.000001972
54 0.000002051
55 0.000002072
56 0.000001576
57 0.000002096
58 0.000003085
59 0.000002083
60 0.000001375
61 0.000001726
62 0.000002141
63 0.000001789
64 0.000000300
65 0.000000381
74 0.000000296
76 0.000000366
84 0.000000300
85 0.000000309
88 0.000000349
89 0.000000378
90 0.000000381
98 0.000000294
#Sum is 1
